6
30
14 8 12 7 11
0 571 226 532 315 394
571 0 346 119 448 577
226 346 0 310 262 371
532 119 310 0 481 471
315 448 262 481 0 622
394 577 371 471 622 0